2.706	
4.605	
6.251	
7.779	
9.236	
10.645	
12.017	
13.362	
14.684	
15.987	
17.275	
18.549	
19.812	
21.064	
22.307	
23.542	
24.769	
25.989	
27.204	
28.412	
29.615	
30.813	
32.007	
33.196	
34.382	
35.563	
36.741	
37.916	
39.088	
40.256	
41.422	
42.585	
43.745	
44.903	
46.059	
47.212	
48.363	
49.513	
50.660	
51.805	
52.949	
54.090	
55.230	
56.369	
57.505	
58.641	
59.774	
60.907	
62.038	
63.167	
64.295	
65.422	
66.548	
67.673	
68.796	
69.918	
71.040	
72.160	
73.279	
74.397	
75.514	
76.630	
77.745	
78.860	
79.973	
81.085	
82.197	
83.308	
84.418	
85.527	
86.635	
87.743	
88.850	
89.956	
91.061	
92.166	
93.270	
94.373	
95.476	
96.578	
97.680	
98.780	
99.880	
100.980	
102.080	
103.180	
104.280	
105.370	
106.470	
107.560	
108.660	
109.760	
110.850	
111.940	
113.040	
114.130	
115.220	
116.320	
117.410	
118.500	
