3.841	
5.991	
7.815	
9.488	
11.070	
12.592	
14.067	
15.507	
16.919	
18.307	
19.675	
21.026	
22.362	
23.685	
24.996	
26.296	
27.587	
28.869	
30.144	
31.410	
32.670	
33.924	
35.172	
36.415	
37.652	
38.885	
40.113	
41.337	
42.557	
43.773	
44.985	
46.194	
47.400	
48.602	
49.802	
50.998	
52.192	
53.384	
54.572	
55.758	
56.942	
58.124	
59.304	
60.481	
61.656	
62.830	
64.001	
65.171	
66.339	
67.505	
68.669	
69.832	
70.993	
72.153	
73.311	
74.468	
75.624	
76.778	
77.931	
79.082	
80.232	
81.381	
82.529	
83.675	
84.821	
85.965	
87.108	
88.250	
89.391	
90.531	
91.670	
92.808	
93.945	
95.081	
96.217	
97.351	
98.484	
99.617	
100.750	
101.880	
103.010	
104.140	
105.270	
106.390	
107.520	
108.650	
109.770	
110.900	
112.020	
113.150	
114.270	
115.390	
116.510	
117.630	
118.750	
119.870	
120.990	
122.110	
123.230	
124.340	
