6.635	
9.210	
11.345	
13.277	
15.086	
16.812	
18.475	
20.090	
21.666	
23.209	
24.725	
26.217	
27.688	
29.141	
30.578	
32.000	
33.409	
34.805	
36.191	
37.566	
38.932	
40.289	
41.638	
42.980	
44.314	
45.642	
46.963	
48.278	
49.588	
50.892	
52.191	
53.486	
54.776	
56.061	
57.342	
58.619	
59.892	
61.162	
62.428	
63.691	
64.950	
66.206	
67.459	
68.710	
69.957	
71.201	
72.443	
73.683	
74.919	
76.154	
77.386	
78.616	
79.843	
81.069	
82.292	
83.513	
84.733	
85.950	
87.166	
88.379	
89.591	
90.802	
92.010	
93.217	
94.422	
95.626	
96.828	
98.028	
99.228	
100.430	
101.620	
102.820	
104.010	
105.200	
106.390	
107.580	
108.770	
109.960	
111.140	
112.330	
113.510	
114.690	
115.880	
117.060	
118.240	
119.410	
120.590	
121.770	
122.940	
124.120	
125.290	
126.460	
127.630	
128.800	
129.970	
131.140	
132.310	
133.480	
134.640	
135.810	
